-1,0,s,-0.5040112,0,,,,,,,,,,,
0,1,-3.117818,-0.8895896,0,,,,,,,,,,,
0,2,ssaddeadw,11.517,-1.400777,,,,,,,,,,,
1,3,-5.955809,0.1169434,,,,,,,,,,,,
,4,-5.955809,0.1169434,0.1138561,,,,,,,,,,,
3,,-4.513179,,-0.08725785,,,,,,,,,,,
4,6,-4.513179,0.3038842,-0.08725785,,,,,,,,,,,
0,7,-1.958365,0,0,,,,,,,,,,,
7,8,-2.035216,0,0,,,,,,,,,,,
51,9,-1.416344,0,0,,,,,,,,,,,
,10,-1.279298,-0.1760935,0,,,,,,,,,,,
51,11,-0.6513382,20.09209,1.631807,,,,,,,,,,,
51,12,,20.092,1.631808,,,,,,,,,,,
11,13,-4.27036,0.8957112,-4.197643,,,,,,,,,,,
12,14,4.270362,-0.8958,4.197648,,,,,,,,,,,
13,15,-4.302029,0,0,,,,,,,,,,,
14,16,4.302022,3.72014E-05,,,,,,,,,,,,
15,17,-4,-2.91875E-05,3.69382E-05,,,,,,,,,,,
16,,2.000003,-3.83292E-05,-1.13185E-05,,,,,,,,,,,
5,19,-2.779796,0,0,,,,,,,,,,,
6,20,-2.779796,0,0,,,,,,,,,,,
17,24,-0.6513566,0.425841,-0.8778312,,,,,,,,,,,
21,25,-1.094458,0,0,,,,,,,,,,,
22,26,-0.9804971,0,0,,,,,,,,,,,
17,27,-1.146414,0.000000661,-0.6932848,,,,,,,,,,,
24,28,-1.157666,0,0,,,,,,,,,,,
25,29,-0.7591452,4.246E-07,-2.469E-07,,,,,,,,,,,
17,30,-1.179595,0,0,,,,,,,,,,,
27,31,-1.157666,0,,,,,,,,,,,,
28,32,-0.8082273,0,0,,,,,,,,,,,
17,33,,1.5825E-06,0.7205591,,,,,,,,,,,
30,34,-1.157666,0,0,,,,,,,,,,,
31,35,-0.8082273,0,0,,,,,,,,,,,
17,36,-0.6513424,-6.2825E-06,1.201804,,,,,,,,,,,
33,37,-1.495416,0,0,,,,,,,,,,,
34,38,-1.06806,0,0,,,,,,,,,,,
18,39,0.6513699,-0.4257906,0.8778356,,,,,,,,,,,
36,40,1.094457,1.9736E-06,7.969E-07,,,,,,,,,,,
37,41,0.9804922,-1.55092E-05,4.8476E-06,,,,,,,,,,,
18,42,1.146401,6.90611E-05,0.6932932,,,,,,,,,,,
39,43,1.15768,2.20802E-05,-2.975E-07,,,,,,,,,,,
40,44,0.75914,1.44855E-05,4.934E-07,,,,,,,,,,,
18,45,1.1796,2.26705E-05,1.76582E-05,,,,,,,,,,,
42,46,1.15766,2.20606E-05,-2.2973E-06,,,,,,,,,,,
43,47,0.80822,1.54016E-05,-1.6039E-06,,,,,,,,,,,
18,48,0.9517186,0.000109576,-0.7205559,,,,,,,,,,,
45,49,1.15766,-0.00017793,-3.798E-07,,,,,,,,,,,
46,50,0.80824,0.000015402,-1.6039E-06,,,,,,,,,,,
18,51,0.6513376,8.97754E-05,-1.201797,,,,,,,,,,,
48,52,1.495417,0.000027378,-0.000009602,,,,,,,,,,,
49,53,1.06806,2.11283E-05,-2.5702E-06,,,,,,,,,,,
8,54,-2.171051,0,0,,,,,,,,,,,
BONEEND,,,,,,,,,,,,,,,
0.9999995,-0.0005872,0.00081967,-0.02444988,0.00058829,0.9999989,-0.00132959,12.42457,-0.00081888,0.00133007,0.9999988,-0.2031305,0,0,0,1
0.1271964,-0.5891228,0.7979696,-3.141744,0.9819713,0.1882119,-0.01757374,11.53315,-0.1398343,0.7858185,0.6024415,-0.2017605,0,0,0,1
-0.1106932,0.6402677,-0.7601343,3.093889,0.983624,0.1800359,0.00840738,11.53682,-0.1422344,0.7467558,0.6497115,-0.2068669,0,0,0,1
0.1365228,-0.3535376,-0.9254041,-3.877341,0.9498283,0.3120728,0.02090306,5.704722,0.2814034,-0.8818288,0.378405,0.7915542,0,0,0,1
0.02422797,0.1311187,0.9910706,3.741486,0.9619628,0.266775,-0.05881076,5.700549,0.2721042,-0.9547979,0.1196679,0.8015571,0,0,0,1
0.04355438,0.06578563,0.9968829,-4.520179,0.5194035,0.8508841,-0.07884413,1.510986,-0.8534186,0.5212184,0.00289045,-0.7794629,0,0,0,1
-0.0242212,0.1221107,-0.9922209,3.585507,0.5207514,0.8487645,0.09174369,1.445236,-0.8533648,0.5144781,0.0841473,-0.7270892,0,0,0,1
0.00115469,0.0006553,-0.9999992,-0.0261233,-0.9838983,0.1783169,-0.0010195,14.86506,0.178305,0.983973,0.0008506,-0.4939436,0,0,0,1
-0.00024202,0.00067561,-0.9999998,-0.02847313,-0.9942812,0.1057554,0.00031185,16.8675,0.1057351,0.9943917,0.00064615,-0.8568332,0,0,0,1
0.00039367,-0.00075822,1,-0.02639666,-0.9435387,0.3307156,0.00062237,22.55515,-0.3307744,-0.9437026,-0.00058525,-0.3925443,0,0,0,1
0.00010856,-0.00108681,0.9999997,-0.02676653,-0.9965665,-0.0805805,0.00002078,23.70398,0.08059368,-0.9967398,-0.00109195,0.196795,0,0,0,1
0.8883576,-0.09629544,0.4489421,-0.676411,0.09640592,0.9949363,0.02264258,20.10847,-0.4489141,0.02317032,0.8932719,2.839256,0,0,0,1
0.8877627,-0.09537932,0.4503123,0.6262653,-0.09591901,-0.9950056,-0.02165018,20.10797,0.4501933,-0.0239778,-0.8926067,2.838416,0,0,0,1
0.9916025,0.1280409,-0.01818869,-6.44077,0.1259186,-0.923892,0.360934,20.49291,0.02941436,-0.3602465,-0.9323911,1.027398,0,0,0,1
0.987765,0.1501728,-0.04206153,6.393029,-0.155733,0.9633333,-0.217811,20.49881,0.00781087,0.2217295,0.9750747,1.035529,0,0,0,1
0.9933842,0.1119963,-0.02540999,-10.70667,0.1142866,-0.942652,0.3131315,19.95121,0.01111854,-0.3140103,-0.9493523,0.900857,0,0,0,1
0.9905213,0.1324215,-0.03651337,10.64242,-0.1365197,0.9780756,-0.1563196,19.82888,0.01501471,0.1598467,0.9870254,1.06914,0,0,0,1
0.9975857,0.04359921,0.05406497,-14.68021,0.04680518,-0.9969739,-0.0596435,19.49406,0.05130847,0.06203803,-0.9967521,0.8563828,0,0,0,1
0.9979674,0.06254981,0.01229928,14.6045,-0.06331358,0.9947022,0.07913841,19.28272,-0.0072841,-0.07976637,0.9967846,1.129185,0,0,0,1
0.00301103,0.07840848,0.9969169,-4.641252,-0.00183871,0.9969201,-0.07840321,0.06715012,-0.9999938,-0.001597,0.00314593,1.592868,0,0,0,1
-0.08406685,0.091146,-0.9922827,3.652837,0.00197331,0.9958211,0.09130385,-0.00234604,-0.9964582,-0.00571768,0.08389534,1.645092,0,0,0,1
0.5194979,0.3742507,-0.7681531,-15.35889,0.2218051,-0.9270903,-0.3016809,19.09138,-0.8251708,-0.01366049,-0.5647144,1.724364,0,0,0,1
0.7931125,0.4810084,-0.3736367,-15.92746,0.3695755,-0.8675537,-0.3323706,18.84863,-0.4840926,0.1255377,-0.8659622,2.62748,0,0,0,1
0.9190019,0.3928308,0.03347486,-16.7051,0.3896206,-0.8920227,-0.2284662,18.48626,-0.05989645,0.2230348,-0.9729667,3.102132,0,0,0,1
0.808834,0.5817629,-0.08567504,-17.30761,0.5658792,-0.8095894,-0.1550845,19.4139,-0.1596065,0.07696631,-0.9841736,1.414212,0,0,0,1
0.3030638,0.950863,-0.06334753,-18.24396,0.932294,-0.3095567,-0.1863013,18.7588,-0.1967842,-0.00259798,-0.9804414,1.598984,0,0,0,1
-0.322374,0.9462363,-0.02670082,-18.47404,0.9293294,0.3110192,-0.1982908,18.05105,-0.1793506,-0.08875021,-0.9797716,1.748371,0,0,0,1
0.8123174,0.5830032,-0.01576697,-17.30323,0.5767776,-0.8070341,-0.1254161,19.371,-0.08585436,0.09279632,-0.9919747,0.7214758,0,0,0,1
0.3067421,0.9517705,0.00655566,-18.24362,0.9402264,-0.3019429,-0.1565586,18.70328,-0.1470489,0.05419455,-0.9876413,0.8208656,0,0,0,1
-0.3183413,0.9469926,0.04318462,-18.49154,0.9318743,0.3209334,-0.1682785,17.94337,-0.1732419,-0.01332891,-0.984787,0.939714,0,0,0,1
0.8035647,0.5820998,0.1242759,-17.03695,0.5918166,-0.8033628,-0.06377146,19.33868,0.06272703,0.1248103,-0.9901937,0.01494622,0,0,0,1
0.3034714,0.9415175,0.1464613,-17.96721,0.9515641,-0.291959,-0.09482139,18.65356,-0.04652097,0.1681671,-0.9846579,-0.05767131,0,0,0,1
-0.3116542,0.9324875,0.1825916,-18.21248,0.9364891,0.3337882,-0.1062044,17.88448,-0.1600034,0.1379163,-0.9774321,-0.02007055,0,0,0,1
0.7564913,0.5799679,0.3022566,-15.26501,0.5944781,-0.8022752,0.05153485,19.39191,0.2724216,0.1407188,-0.9518302,-0.3749398,0,0,0,1
0.2830007,0.930447,0.2327661,-16.39627,0.9569559,-0.2896724,-0.00555989,18.50291,0.06226278,0.2243526,-0.9725151,-0.7823229,0,0,0,1
-0.3236564,0.917351,0.2317643,-16.69854,0.9413152,0.3366198,-0.01784428,17.48083,-0.09439863,0.2124189,-0.9726064,-0.8488247,0,0,0,1
0.4815944,0.3796138,-0.7899132,15.23871,-0.2003321,0.9250062,0.322389,18.88742,0.8531814,0.00298642,0.5216014,2.033417,0,0,0,1
0.7670586,0.4943486,-0.4089537,15.76579,-0.3631289,0.8599036,0.358339,18.66817,0.5288819,-0.1263806,0.8392303,2.967188,0,0,0,1
0.9100771,0.4143617,-0.00817821,16.51788,-0.3990201,0.8813782,0.252308,18.31211,0.1117717,-0.2263875,0.967601,3.485759,0,0,0,1
0.7921225,0.5957369,-0.1328241,17.20393,-0.5719288,0.8003685,0.1789177,19.17331,0.2129269,-0.06576655,0.97485,1.801328,0,0,0,1
0.2793463,0.9532874,-0.114943,18.12097,-0.9293109,0.2984682,0.2167984,18.51122,0.2410118,0.04626413,0.9694167,2.047827,0,0,0,1
-0.3446802,0.9354876,-0.07785476,18.33305,-0.9176943,-0.3183935,0.2369947,17.80574,0.1969441,0.1531569,0.9683757,2.23079,0,0,0,1
0.7985174,0.5985804,-0.0638293,17.22854,-0.5854222,0.7968163,0.1485538,19.1163,0.139802,-0.08126576,0.9868368,1.110043,0,0,0,1
0.2849772,0.957434,-0.04594761,18.15296,-0.9390126,0.2884482,0.1864317,18.43859,0.1917764,-0.0099834,0.9813855,1.271882,0,0,0,1
-0.3404371,0.9402278,-0.00879827,18.3833,-0.9205081,-0.331359,0.2063251,17.67967,0.1911032,0.07835149,0.9784356,1.426878,0,0,0,1
0.7957587,0.6009383,0.07512552,16.99226,-0.6054614,0.7911469,0.08489428,19.07379,-0.00842029,-0.1130556,0.9935507,0.3934383,0,0,0,1
0.2857403,0.9537848,0.09300464,17.91338,-0.9537717,0.2737723,0.1227682,18.37273,0.09164469,-0.1238015,0.9880636,0.3837109,0,0,0,1
-0.3332769,0.933843,0.1298725,18.14433,-0.9256762,-0.3501365,0.1422396,17.60186,0.1783267,-0.07282466,0.9812701,0.4577782,0,0,0,1
0.7586779,0.6004363,0.2527588,15.23973,-0.6131054,0.7890751,-0.03415418,19.14647,-0.2199848,-0.1290727,0.9669244,-0.07350004,0,0,0,1
0.2705728,0.946022,0.1784258,16.37429,-0.9623901,0.2692389,0.03193257,18.22964,-0.01783386,-0.1803799,0.983433,-0.4024821,0,0,0,1
-0.3418057,0.9227709,0.1779474,16.6633,-0.9328971,-0.3557903,0.05310673,17.20176,0.1123319,-0.1478753,0.9826035,-0.421536,0,0,0,1
-0.00037372,-0.00061263,1,-0.02794728,-0.9950728,0.09764647,-0.00031185,19.02614,-0.09768505,-0.9952149,-0.00064613,-1.08639,0,0,0,1
0.99985,0.00589055,0.01629002,-0.135202,-0.00519968,0.9990985,-0.04213199,12.38668,-0.01652351,0.04204097,0.9989793,0.3046488,0,0,0,1
0.1086091,-0.588075,0.8014811,-3.257792,0.9882906,0.1507983,-0.02327774,11.5141,-0.107173,0.7946244,0.597567,0.3187668,0,0,0,1
-0.1215715,0.6613922,-0.7401223,2.976908,0.9878482,0.1533643,-0.02521238,11.48168,-0.09683315,0.7341935,0.6719996,0.2157322,0,0,0,1
0.1236452,-0.3542417,-0.9269438,-3.882165,0.9279875,0.3721552,-0.01843878,5.643019,0.3514988,-0.8579123,0.3747472,1.118032,0,0,0,1
0.02903865,0.0956919,0.9949874,3.694043,0.9577875,0.2821502,-0.05508845,5.613309,0.2860073,-0.954586,0.08345939,0.9548235,0,0,0,1
0.02623765,0.06294911,0.9976721,-4.466964,0.5067828,0.859423,-0.06755401,1.569546,-0.8616747,0.5073757,-0.00935255,-0.7617512,0,0,0,1
-0.0221638,0.160297,-0.9868203,3.505245,0.5914919,0.7978767,0.1163207,1.381189,-0.8060066,0.581118,0.1124982,-0.633347,0,0,0,1
-0.00627339,0.01104673,-0.9999195,-0.1256182,-0.9898326,0.1415029,0.00777399,14.83697,0.1415693,0.9898763,0.01004738,0.1134741,0,0,0,1
-0.00691982,0.00883742,-0.9999372,-0.1128503,-0.9961891,0.08559356,0.00765148,16.85149,0.08564033,0.9962909,0.0082123,-0.1746504,0,0,0,1
-0.00196461,-0.00584848,0.9999813,-0.06465244,-0.9392005,0.3428411,0.00015746,22.5284,-0.342887,-0.9393495,-0.00616762,0.4043345,0,0,0,1
-0.00759201,-0.0111542,0.9999094,-0.06110901,-0.9970352,-0.07408176,-0.00839907,23.66955,0.07419057,-0.9971819,-0.01056056,1.008403,0,0,0,1
0.890353,-0.1027777,0.4435192,-0.7090441,0.1087132,0.9938514,0.01206435,20.02164,-0.4420972,0.03747276,0.8961819,3.590908,0,0,0,1
0.8895563,-0.1073986,0.4440227,0.59355,-0.1148764,-0.9931799,-0.01008721,20.01158,0.4421428,-0.04203312,-0.8959574,3.580208,0,0,0,1
0.9889868,0.1478584,-0.00664046,-6.464967,0.1407405,-0.9256327,0.3508576,20.39696,0.04573619,-0.3479717,-0.9363866,1.750535,0,0,0,1
0.9858145,0.163902,-0.03615234,6.352339,-0.1677972,0.9589534,-0.2279414,20.36836,-0.00269097,0.2308005,0.9729955,1.745052,0,0,0,1
0.9914788,0.1299906,-0.00855305,-10.71962,0.1266796,-0.9468082,0.2953156,19.79149,0.03029357,-0.2939182,-0.9553484,1.553776,0,0,0,1
0.9886363,0.1465157,-0.03365369,10.59334,-0.1500926,0.9740545,-0.1685083,19.64653,0.00809354,0.1716621,0.9851209,1.733485,0,0,0,1
0.9961401,0.05553929,0.06797896,-14.68553,0.05928738,-0.9965998,-0.05457496,19.28477,0.06472565,0.05841058,-0.9961902,1.432604,0,0,0,1
0.9969687,0.0753916,0.0193031,14.54788,-0.07633281,0.9954209,0.05489844,19.04609,-0.01507635,-0.05622079,0.9983026,1.765843,0,0,0,1
-0.01592178,0.06582646,0.9977043,-4.539899,-0.1017644,0.9925424,-0.06710993,0.1607914,-0.9946814,-0.1025993,-0.00910448,1.63353,0,0,0,1
-0.09596352,0.1296783,-0.9869019,3.566856,0.1373423,0.9837191,0.1159054,-0.2630377,-0.9858645,0.1244208,0.1122113,1.607188,0,0,0,1
0.5274642,0.3862394,-0.7567046,-15.3704,0.2320258,-0.9221771,-0.3089634,18.86967,-0.8172699,-0.0126028,-0.5761138,2.289806,0,0,0,1
0.7946371,0.490379,-0.3578848,-15.94769,0.3817724,-0.8618963,-0.333301,18.61573,-0.4719748,0.1282479,-0.8722318,3.184274,0,0,0,1
0.9146481,0.4012425,0.04924018,-16.72683,0.4015583,-0.8879144,-0.2237489,18.2414,-0.0460663,0.2244636,-0.9733912,3.647044,0,0,0,1
0.8035582,0.5910155,-0.07068138,-17.31883,0.5768347,-0.8024406,-0.1518431,19.16869,-0.1464849,0.08126113,-0.9858677,1.955209,0,0,0,1
0.2936723,0.9547004,-0.04800712,-18.24908,0.9369343,-0.2974009,-0.1827888,18.50091,-0.1888205,0.00870397,-0.981971,2.124788,0,0,0,1
-0.331852,0.9432654,-0.01122194,-18.47202,0.9259242,0.3234376,-0.1943134,17.78964,-0.1796924,-0.07488728,-0.9808663,2.268131,0,0,0,1
0.8059279,0.592014,-0.00106207,-17.30475,0.5874528,-0.799939,-0.1212523,19.12889,-0.07264765,0.09711687,-0.9926161,1.262416,0,0,0,1
0.2965918,0.9547606,0.02159841,-18.23775,0.9446945,-0.2900254,-0.1521267,18.44881,-0.1390078,0.06553512,-0.9881185,1.346518,0,0,0,1
-0.3279332,0.9428989,0.05833364,-18.47746,0.9284931,0.3330297,-0.1633912,17.68529,-0.1735203,0.00057846,-0.9848281,1.458867,0,0,0,1
0.7950224,0.5906409,0.1381442,-17.02878,0.6017266,-0.79642,-0.05783653,19.10307,0.07586665,0.1291312,-0.9887192,0.5593488,0,0,0,1
0.2918493,0.9428769,0.1606505,-17.94914,0.9555486,-0.2806733,-0.08862532,18.40647,-0.0384853,0.1794028,-0.9830208,0.4715214,0,0,0,1
-0.3214812,0.9262349,0.196825,-18.18503,0.9331346,0.3450345,-0.09957871,17.63417,-0.160175,0.151671,-0.9753644,0.5026262,0,0,0,1
0.7451543,0.5882853,0.314112,-15.25266,0.6028677,-0.7954295,0.0595587,19.18057,0.2849281,0.1450146,-0.9475142,0.1932158,0,0,0,1
0.2698768,0.9310369,0.2456374,-16.36698,0.9602014,-0.2787744,0.00167452,18.27904,0.07003935,0.2354457,-0.9693588,-0.2328703,0,0,0,1
-0.3344093,0.9100813,0.2447942,-16.65523,0.9375194,0.347346,-0.01062113,17.25348,-0.09471521,0.2259775,-0.969515,-0.3076776,0,0,0,1
0.4839477,0.3919815,-0.7823989,15.18212,-0.227218,0.9195552,0.3201464,18.62072,0.8450751,0.02283805,0.5341561,2.656307,0,0,0,1
0.7652665,0.5050603,-0.3991044,15.71178,-0.3859107,0.8560786,0.3433739,18.37204,0.5151674,-0.1087754,0.8501568,3.581206,0,0,0,1
0.905301,0.4247731,0.00097333,16.46211,-0.41362,0.881017,0.2289777,17.99364,0.09642408,-0.2077324,0.9734198,4.086331,0,0,0,1
0.7856464,0.6060018,-0.124599,17.14958,-0.587341,0.7937607,0.1570913,18.88607,0.1941326,-0.05024848,0.9796855,2.418811,0,0,0,1
0.2683054,0.9574589,-0.1062448,18.05912,-0.9384732,0.2846118,0.1948519,18.20613,0.2168398,0.04743386,0.9750522,2.643554,0,0,0,1
-0.3557612,0.9320357,-0.06889617,18.26281,-0.9175322,-0.334359,0.2145746,17.4937,0.1769869,0.1395754,0.974264,2.808167,0,0,0,1
0.7914235,0.608705,-0.05594686,17.16929,-0.59915,0.7905464,0.1255359,18.84543,0.1206656,-0.06584612,0.9905052,1.726214,0,0,0,1
0.2735121,0.9611354,-0.03759217,18.0855,-0.9470579,0.2758977,0.1632941,18.15183,0.1673508,-0.0090632,0.985854,1.865901,0,0,0,1
-0.3515911,0.9361554,-0.00019795,18.30658,-0.92026,-0.3455778,0.182759,17.38641,0.1710536,0.06445151,0.9831494,2.001155,0,0,0,1
0.787513,0.6107969,0.08218047,16.9282,-0.6155693,0.7856143,0.05989793,18.82335,-0.02797544,-0.0977774,0.9948131,1.010293,0,0,0,1
0.2734802,0.9566113,0.1005322,17.83976,-0.959406,0.2640214,0.09765315,18.1106,0.06689035,-0.1231761,0.990126,0.9779248,0,0,0,1
-0.3445772,0.9286182,0.1376164,18.06081,-0.9252128,-0.3606166,0.1167927,17.33517,0.1581118,-0.08708936,0.9835712,1.031986,0,0,0,1
0.7490717,0.6101717,0.2580411,15.17405,-0.617615,0.7839362,-0.06081592,18.93048,-0.2394254,-0.1138362,0.9642163,0.5562611,0,0,0,1
0.2575459,0.948451,0.1846998,16.29424,-0.965179,0.2609576,0.00583215,18.00691,-0.04266625,-0.1797974,0.982776,0.1982081,0,0,0,1
-0.3535954,0.9170242,0.1845001,16.56933,-0.930726,-0.3643109,0.0270246,16.97605,0.09201735,-0.1621832,0.9824591,0.1526309,0,0,0,1
-0.00856475,-0.00725418,0.9999374,-0.09782662,-0.9928611,0.1177773,-0.00765149,19.01427,-0.1177477,-0.993008,-0.00821228,-0.3605804,0,0,0,1
0.9998276,0.00633992,0.01744912,-0.1536652,-0.00552694,0.9989145,-0.04625161,12.3825,-0.01772341,0.0461472,0.9987774,0.3603253,0,0,0,1
0.1062431,-0.5886294,0.8013911,-3.276586,0.9888627,0.1470265,-0.02310442,11.51111,-0.1042257,0.7949205,0.5976942,0.3745316,0,0,0,1
-0.1233501,0.6627787,-0.7385859,2.957975,0.9880475,0.1513616,-0.02918626,11.47665,-0.09244954,0.7333581,0.6735272,0.264015,0,0,0,1
0.1207802,-0.3547866,-0.9271132,-3.886942,0.92628,0.3761177,-0.02326063,5.636197,0.3569562,-0.8559569,0.3740593,1.156292,0,0,0,1
0.02893092,0.09291476,0.9952537,3.68604,0.9563636,0.2870332,-0.0545972,5.606403,0.2907437,-0.9534039,0.08055609,0.9770744,0,0,0,1
0.02318118,0.06178139,0.9978207,-4.458961,0.5053874,0.8604398,-0.06501631,1.572056,-0.8625813,0.5057934,-0.01127753,-0.7474672,0,0,0,1
-0.02106219,0.1638715,-0.9862568,3.496861,0.5996903,0.7913819,0.1186852,1.38215,-0.799955,0.5889488,0.1149403,-0.6318598,0,0,0,1
-0.00669756,0.01138154,-0.9999129,-0.1433258,-0.9904936,0.1367746,0.00819197,14.83356,0.1368482,0.9905368,0.01035798,0.1792297,0,0,0,1
-0.00736478,0.00884949,-0.9999338,-0.1296946,-0.9966023,0.08059909,0.00805476,16.84943,0.08065005,0.9967072,0.00822668,-0.09928632,0,0,0,1
-0.00311153,-0.00646822,0.9999745,-0.07898889,-0.9363379,0.3505834,-0.00064843,22.52334,-0.3506216,-0.936483,-0.00714865,0.5081234,0,0,0,1
-0.00898772,-0.01371074,0.9998659,-0.07386908,-0.996937,-0.07519791,-0.00999517,23.65946,0.07534851,-0.9970661,-0.01299516,1.121582,0,0,0,1
0.890559,-0.1051382,0.4425511,-0.7245774,0.1125862,0.9934484,0.00945139,20.00094,-0.4407105,0.04140532,0.8966916,3.682086,0,0,0,1
0.8888265,-0.1110372,0.4445888,0.5780122,-0.1199345,-0.9925998,-0.00813432,19.99035,0.4422671,-0.04608937,-0.8956963,3.671368,0,0,0,1
0.9885072,0.1511154,-0.00429475,-6.479431,0.1432774,-0.9274436,0.3449991,20.37032,0.04815716,-0.3416909,-0.9385756,1.837175,0,0,0,1
0.9850446,0.1686131,-0.03546411,6.339319,-0.1722339,0.9588669,-0.2249778,20.33321,-0.00392821,0.2277457,0.9737111,1.841472,0,0,0,1
0.9910913,0.1330522,-0.0059836,-10.73202,0.1290538,-0.9483062,0.2894217,19.75394,0.03283743,-0.287649,-0.9571706,1.630002,0,0,0,1
0.9877866,0.1516842,-0.03564665,10.57701,-0.1555117,0.9734936,-0.1668292,19.5923,0.00939894,0.1703511,0.9853368,1.824583,0,0,0,1
0.9960662,0.05557922,0.06902043,-14.69638,0.05907682,-0.996859,-0.04986559,19.23773,0.06604102,0.05376368,-0.9963653,1.498653,0,0,0,1
0.996869,0.07715444,0.01739567,14.52815,-0.07787773,0.9957131,0.04684052,18.97017,-0.01370753,-0.04806398,0.9987484,1.862163,0,0,0,1
-0.01792867,0.06300595,0.9978523,-4.5234,-0.107249,0.9921333,-0.06457176,0.167182,-0.9940709,-0.1081762,-0.01103026,1.650335,0,0,0,1
-0.09640127,0.1335658,-0.9863401,3.55541,0.1499018,0.9816012,0.1182732,-0.2848673,-0.98399,0.1364523,0.1146494,1.591853,0,0,0,1
0.5282902,0.3863454,-0.7560738,-15.3821,0.2359313,-0.9220701,-0.3063131,18.81852,-0.8156164,-0.01655356,-0.5783526,2.353174,0,0,0,1
0.7950889,0.4903323,-0.3569438,-15.96029,0.3840722,-0.8624448,-0.3292147,18.5603,-0.4693406,0.1246884,-0.8741673,3.245832,0,0,0,1
0.9146548,0.4010986,0.05027505,-16.73987,0.401859,-0.8889255,-0.2191472,18.18372,-0.04321884,0.2206873,-0.9743844,3.70602,0,0,0,1
0.8036518,0.5910116,-0.06964072,-17.33021,0.5775967,-0.802758,-0.1471947,19.11893,-0.1429245,0.07808745,-0.9866462,2.017964,0,0,0,1
0.2937738,0.954721,-0.04696743,-18.26057,0.9378432,-0.2973469,-0.1781563,18.45026,-0.1840904,0.00829331,-0.9828721,2.183422,0,0,0,1
-0.3317584,0.9433099,-0.01018223,-18.48359,0.9267299,0.323878,-0.1896823,17.7383,-0.1756651,-0.07237848,-0.9817836,2.323176,0,0,0,1
0.8059434,0.5919932,-0.00001753,-17.31541,0.5878662,-0.8003313,-0.1165659,19.08239,-0.06903564,0.09395581,-0.9931778,1.325007,0,0,0,1
0.2966408,0.9547213,0.02264144,-18.24842,0.9453684,-0.2902398,-0.1474588,18.40184,-0.1342386,0.06515869,-0.9888023,1.404927,0,0,0,1
-0.3278464,0.9428639,0.05937424,-18.48817,0.9292701,0.3331137,-0.1587351,17.63777,-0.1694769,0.00313133,-0.985527,1.513422,0,0,0,1
0.7948821,0.5905866,0.1391782,-17.0387,0.601438,-0.7969638,-0.05315581,19.05992,0.07953297,0.1259849,-0.9888368,0.6221128,0,0,0,1
0.2917925,0.942718,0.1616817,-17.95891,0.9557472,-0.2814263,-0.08396897,18.36366,-0.03367097,0.1790567,-0.9832604,0.5300424,0,0,0,1
-0.3214087,0.9260417,0.1978494,-18.19474,0.9338489,0.3444037,-0.0949548,17.5912,-0.1561031,0.1542613,-0.9756184,0.5572561,0,0,0,1
0.7447966,0.5882145,0.3150911,-15.26221,0.6015874,-0.7960484,0.0640606,19.13933,0.2885456,0.1418704,-0.9468949,0.258199,0,0,0,1
0.2697068,0.9308198,0.2466452,-16.376,0.9598858,-0.2797932,0.0062736,18.2397,0.07485147,0.2350957,-0.9690837,-0.1732968,0,0,0,1
-0.3344053,0.9098104,0.2458034,-16.66406,0.9379239,0.346363,-0.00602125,17.21449,-0.0906368,0.2285612,-0.969299,-0.2532427,0,0,0,1
0.4818776,0.3934592,-0.7829348,15.1599,-0.2348126,0.9186847,0.3171521,18.5366,0.8441815,0.03101143,0.535157,2.750436,0,0,0,1
0.7635928,0.5066958,-0.4002355,15.68729,-0.3913192,0.8560787,0.3371973,18.27961,0.513568,-0.1008831,0.8520955,3.674357,0,0,0,1
0.9044191,0.4266484,-0.00059558,16.43598,-0.4158963,0.8819461,0.2211446,17.89591,0.09489453,-0.1997959,0.9752297,4.177912,0,0,0,1
0.7842812,0.6074165,-0.1262993,17.12827,-0.5901967,0.7931235,0.1494204,18.80056,0.1909648,-0.04265866,0.9806677,2.518994,0,0,0,1
0.2663143,0.9578326,-0.1078732,18.03622,-0.9406337,0.2826185,0.1871863,18.11732,0.2098188,0.05162468,0.9763746,2.740069,0,0,0,1
-0.3576357,0.9311986,-0.07049037,18.23841,-0.9183283,-0.3370296,0.206852,17.40325,0.168895,0.1387349,0.9758194,2.899352,0,0,0,1
0.790186,0.6101455,-0.05772131,17.1493,-0.6014243,0.7900301,0.1176642,18.76545,0.1174169,-0.0582763,0.9913697,1.826134,0,0,0,1
0.2716058,0.9616077,-0.03929478,18.06407,-0.9488292,0.2743526,0.1554279,18.06923,0.1602729,-0.00493325,0.9870588,1.962059,0,0,0,1
-0.3534583,0.9354501,-0.00186301,18.28361,-0.9210154,-0.3476511,0.1748512,17.30237,0.1629482,0.06353149,0.9845852,2.091593,0,0,0,1
0.7865456,0.6122933,0.080288,16.9096,-0.6166418,0.7853515,0.05176263,18.74953,-0.0313589,-0.0902419,0.9954243,1.10958,0,0,0,1
0.2717546,0.9572926,0.09871176,17.82005,-0.9603691,0.2634015,0.08952353,18.03554,0.05971652,-0.1191468,0.9910774,1.073293,0,0,0,1
-0.3464266,0.9281913,0.1358407,18.0397,-0.9258759,-0.3614587,0.108653,17.25933,0.149981,-0.08814009,0.9847505,1.121556,0,0,0,1
0.7485244,0.6116974,0.2560091,15.15655,-0.616924,0.7838036,-0.06899558,18.86325,-0.2428946,-0.106315,0.9642074,0.6529367,0,0,0,1
0.2560301,0.9492403,0.1827415,16.27592,-0.9652347,0.2608065,-0.00237616,17.94071,-0.04991444,-0.1758069,0.9831566,0.2896967,0,0,0,1
-0.3553216,0.9167415,0.1825776,16.54939,-0.9308423,-0.3645299,0.01881842,16.90979,0.08382648,-0.1632842,0.9830096,0.2363788,0,0,0,1
-0.00900293,-0.00717595,0.999934,-0.1137049,-0.9922552,0.1227521,-0.00805476,19.0131,-0.1227188,-0.9924058,-0.00822666,-0.2743822,0,0,0,1
0.9998075,0.00668243,0.0184443,-0.1694931,-0.00575505,0.9987385,-0.0498832,12.38045,-0.01875438,0.04976745,0.9985847,0.4055552,0,0,0,1
0.1046024,-0.5888758,0.8014259,-3.292656,0.9893128,0.1439226,-0.02337338,11.50993,-0.1015794,0.795306,0.597637,0.4197553,0,0,0,1
-0.1248779,0.6627408,-0.7383632,2.94178,0.9882149,0.1494827,-0.032962,11.47404,-0.08852732,0.7337777,0.6735973,0.30281,0,0,0,1
0.1188912,-0.3552198,-0.9271914,-3.893265,0.9247903,0.3795308,-0.02682012,5.631936,0.3614247,-0.8542689,0.3736267,1.185793,0,0,0,1
0.02742412,0.09187698,0.9953929,3.678965,0.9550539,0.2916146,-0.05322938,5.602147,0.2951615,-0.9521134,0.07975025,0.9925663,0,0,0,1
0.0212022,0.06133528,0.997892,-4.456884,0.5046672,0.860965,-0.06364179,1.575865,-0.8630536,0.5049527,-0.01269951,-0.7375823,0,0,0,1
-0.02152275,0.1648354,-0.9860864,3.496259,0.6068587,0.7859806,0.11814,1.385077,-0.7945185,0.5958723,0.1169482,-0.6358433,0,0,0,1
-0.00733452,0.01154015,-0.9999066,-0.1586106,-0.9909213,0.1336006,0.00881125,14.83214,0.1336823,0.9909681,0.0104562,0.23335,0,0,0,1
-0.00807262,0.00865793,-0.99993,-0.143683,-0.9969585,0.07599273,0.00870795,16.84888,0.07604816,0.9970707,0.00801897,-0.03872263,0,0,0,1
-0.00314821,-0.00706243,0.9999704,-0.08921186,-0.9335022,0.358066,-0.00041288,22.51989,-0.3581036,-0.933643,-0.00772155,0.5948775,0,0,0,1
-0.01072615,-0.01639605,0.9998084,-0.08394045,-0.9970368,-0.07357796,-0.01190587,23.65107,0.07378396,-0.9971462,-0.01556097,1.217408,0,0,0,1
0.8906604,-0.1078598,0.4416913,-0.7373284,0.1165334,0.9930097,0.00749847,19.98332,-0.4394776,0.04478969,0.897134,3.757008,0,0,0,1
0.888385,-0.1153532,0.4443724,0.5652562,-0.1253031,-0.991945,-0.00699589,19.97188,0.4416651,-0.04946323,-0.895813,3.74656,0,0,0,1
0.9880115,0.154364,-0.00248689,-6.491444,0.1462494,-0.9306932,0.3348534,20.34366,0.04938045,-0.3312414,-0.9422513,1.908007,0,0,0,1
0.9840812,0.1740722,-0.03583311,6.327636,-0.1776296,0.9577722,-0.2254451,20.29601,-0.00492286,0.2282447,0.9735895,1.916625,0,0,0,1
0.9906899,0.1360823,-0.0040079,-10.7419,0.1317187,-0.9506839,0.2802779,19.71449,0.03433425,-0.2782272,-0.9598996,1.69557,0,0,0,1
0.9867499,0.1576489,-0.03837083,10.56118,-0.1618661,0.972285,-0.1678283,19.53188,0.01085243,0.1718307,0.985065,1.895457,0,0,0,1
0.9955245,0.06610492,0.06754345,-14.70466,0.06914409,-0.9964935,-0.04387924,19.18761,0.06441464,0.04837004,-0.9967485,1.558235,0,0,0,1
0.9967117,0.07944294,0.01605727,14.50817,-0.08003024,0.9957875,0.04129975,18.88434,-0.01270869,-0.04246484,0.9990154,1.938849,0,0,0,1
-0.01937664,0.06142859,0.9979234,-4.515822,-0.1101592,0.9919026,-0.06319703,0.1729937,-0.993725,-0.1111551,-0.01245281,1.661532,0,0,0,1
-0.09706372,0.1343398,-0.9861704,3.556088,0.1602523,0.9800301,0.1177305,-0.3018675,-0.9822922,0.1466085,0.1166536,1.572757,0,0,0,1
0.5241612,0.3959298,-0.7539865,-15.38424,0.2457484,-0.9178779,-0.3111477,18.75674,-0.8153812,-0.02219332,-0.578496,2.411854,0,0,0,1
0.7900893,0.4995702,-0.3552316,-15.95791,0.3948416,-0.8579149,-0.3283105,18.48779,-0.4688446,0.1191601,-0.875204,3.304255,0,0,0,1
0.9103156,0.4108105,0.05061284,-16.73259,0.4116282,-0.8858342,-0.2134614,18.10065,-0.04286795,0.2151908,-0.975629,3.763958,0,0,0,1
0.797282,0.5995265,-0.07007287,-17.33605,0.5867192,-0.7969329,-0.1427034,19.03852,-0.1414243,0.07268047,-0.9872756,2.082034,0,0,0,1
0.2835845,0.9577919,-0.04706962,-18.25904,0.9418245,-0.2873828,-0.1734457,18.3593,-0.1796875,0.00485876,-0.9837101,2.245758,0,0,0,1
-0.3417794,0.9397258,-0.01016384,-18.47432,0.9241236,0.3341061,-0.1845919,17.64432,-0.170104,-0.07249627,-0.9827542,2.382166,0,0,0,1
0.799614,0.6005145,-0.00078688,-17.32225,0.5966216,-0.7945799,-0.1113138,19.00581,-0.06748665,0.08855952,-0.9937803,1.388865,0,0,0,1
0.2864723,0.9578319,0.02220245,-18.24794,0.9491161,-0.2805764,-0.1419909,18.31512,-0.1298022,0.06176095,-0.9896128,1.466993,0,0,0,1
-0.3378817,0.9393345,0.05905763,-18.47948,0.9266721,0.3429379,-0.1528994,17.54802,-0.1639099,0.00306216,-0.9864689,1.571902,0,0,0,1
0.7887088,0.5991369,0.1377468,-17.04673,0.6092923,-0.7913963,-0.04647499,18.98994,0.08117305,0.1206087,-0.9893739,0.6853256,0,0,0,1
0.2817172,0.945965,0.1605822,-17.95979,0.9589122,-0.2724907,-0.07708004,18.28459,-0.02917168,0.1757273,-0.9840048,0.5913554,0,0,0,1
-0.3314654,0.9226977,0.1968781,-18.18749,0.9312474,0.353253,-0.08772714,17.50957,-0.1505246,0.1542823,-0.9764915,0.6149318,0,0,0,1
0.739043,0.5967872,0.3125082,-15.27191,0.6078144,-0.7905899,0.07235225,19.08985,0.2902806,0.1365033,-0.9471539,0.3183793,0,0,0,1
0.2598066,0.9341626,0.2446259,-16.37708,0.9622465,-0.271278,0.01397033,18.18092,0.07941397,0.2317972,-0.9695154,-0.1157118,0,0,0,1
-0.3443729,0.9065955,0.2439122,-16.65458,0.9348401,0.3546501,0.00166861,17.15318,-0.08501253,0.2286231,-0.9697945,-0.2005297,0,0,0,1
0.480133,0.3954608,-0.7829981,15.13767,-0.2405357,0.9176176,0.3159497,18.44447,0.8435637,0.03663785,0.5357746,2.825625,0,0,0,1
0.7619761,0.508748,-0.4007135,15.66316,-0.3958488,0.8554862,0.3333932,18.18122,0.5124967,-0.09543736,0.853367,3.748869,0,0,0,1
0.903352,0.4289013,-0.00151144,16.41026,-0.4184342,0.8820768,0.2157705,17.79308,0.09389615,-0.1943207,0.976432,4.251375,0,0,0,1
0.7826871,0.6092438,-0.1273824,17.10696,-0.592992,0.791986,0.1442988,18.7053,0.1888321,-0.03741667,0.9812944,2.598459,0,0,0,1
0.2639137,0.9583846,-0.108866,18.01307,-0.942368,0.280187,0.1820465,18.01882,0.2050125,0.05455343,0.9772361,2.817067,0,0,0,1
-0.3599253,0.9302438,-0.0714387,18.21343,-0.9184425,-0.3398702,0.2016313,17.30343,0.1633187,0.1382089,0.9768426,2.9727,0,0,0,1
0.788673,0.6119885,-0.05889096,17.12891,-0.6038275,0.7889726,0.1123309,18.67396,0.115232,-0.05304717,0.9919192,1.905447,0,0,0,1
0.2692584,0.9622228,-0.04037404,18.04194,-0.9503024,0.2722244,0.1500763,17.97495,0.1554298,-0.00204379,0.987843,2.038843,0,0,0,1
-0.3557452,0.9345801,-0.00289556,18.25957,-0.9211062,-0.3500868,0.1694294,17.2069,0.157363,0.06295429,0.9855301,2.164464,0,0,0,1
0.7852136,0.614172,0.07896517,16.89021,-0.6182172,0.7844653,0.04609946,18.66253,-0.03363049,-0.08503494,0.9958083,1.188476,0,0,0,1
0.2695268,0.9580483,0.09747925,17.79912,-0.9612888,0.2619121,0.08384237,17.9467,0.05481166,-0.1163219,0.9916961,1.149558,0,0,0,1
-0.3487057,0.9275097,0.1346598,18.01697,-0.9259106,-0.3630428,0.1029234,17.16975,0.1443793,-0.08880135,0.9855276,1.193854,0,0,0,1
0.7474974,0.6135959,0.2544616,15.13808,-0.6172492,0.7830073,-0.07487764,18.78267,-0.2452187,-0.101117,0.9641782,0.729955,0,0,0,1
0.2539498,0.9500722,0.1813154,16.25591,-0.9655153,0.2596473,-0.0081999,17.85965,-0.05486688,-0.173007,0.9833892,0.3632371,0,0,0,1
-0.3575163,0.9161617,0.1811989,16.52717,-0.930493,-0.3656743,0.01299552,16.82842,0.07818572,-0.1639775,0.9833587,0.3046309,0,0,0,1
-0.00965734,-0.00684511,0.9999302,-0.1261565,-0.9916717,0.1273352,-0.00870796,19.01333,-0.1272988,-0.9918305,-0.00801895,-0.2038276,0,0,0,1
0.9997877,0.00701963,0.0193715,-0.184737,-0.00597361,0.998548,-0.05353703,12.37752,-0.01971918,0.05340994,0.998378,0.4531295,0,0,0,1
0.1031211,-0.5892109,0.8013718,-3.308138,0.9897283,0.1409823,-0.02370126,11.50785,-0.09901423,0.7955844,0.597697,0.4670974,0,0,0,1
-0.1259335,0.6643384,-0.7367464,2.926174,0.9884298,0.1473157,-0.03611689,11.4706,-0.08454049,0.7327706,0.6752039,0.3441358,0,0,0,1
0.117079,-0.3552556,-0.9274082,-3.89997,0.9233046,0.3828864,-0.03010857,5.627004,0.3657881,-0.8527554,0.3728372,1.217897,0,0,0,1
0.02804516,0.08935766,0.9956046,3.670017,0.953948,0.2951868,-0.05336536,5.596816,0.298658,-0.9512517,0.07696404,1.010213,0,0,0,1
0.01988397,0.06083657,0.9979498,-4.455401,0.5038797,0.8615056,-0.06255841,1.578944,-0.8635452,0.5040905,-0.0135242,-0.7246423,0,0,0,1
-0.02025685,0.1679418,-0.9855887,3.483724,0.6134345,0.7805156,0.1203899,1.385834,-0.7894858,0.6021554,0.1188321,-0.6334728,0,0,0,1
-0.00747502,0.01170046,-0.9999037,-0.1733043,-0.9914199,0.1298408,0.00893169,14.82982,0.1299256,0.991466,0.01063023,0.2898731,0,0,0,1
-0.00863311,0.0085026,-0.9999267,-0.1580908,-0.9972682,0.07174891,0.00922165,16.84758,0.07180782,0.9973865,0.00786077,0.02544618,0,0,0,1
-0.00138644,-0.00785223,0.9999685,-0.100642,-0.9306641,0.3653761,0.0015758,22.51582,-0.3654281,-0.9307997,-0.0078159,0.6831586,0,0,0,1
-0.01404846,-0.01943414,0.9997128,-0.09748534,-0.9973702,-0.06822866,-0.01534485,23.64207,0.06853259,-0.997472,-0.01842769,1.314559,0,0,0,1
0.8902081,-0.1094706,0.4422065,-0.7507708,0.1195951,0.9926618,0.00497627,19.96618,-0.4395715,0.04845168,0.8968976,3.834352,0,0,0,1
0.8876901,-0.1203095,0.444447,0.5518094,-0.1309948,-0.9912117,-0.00668619,19.95407,0.4414108,-0.05228135,-0.8957787,3.824109,0,0,0,1
0.9875941,0.1570247,-0.00138196,-6.50656,0.1489571,-0.934014,0.3242446,20.32372,0.04962902,-0.320464,-0.9459575,1.990023,0,0,0,1
0.982859,0.1807386,-0.03637322,6.315975,-0.1842881,0.958595,-0.2164239,20.25454,-0.00424787,0.2194383,0.9756156,1.995757,0,0,0,1
0.9903491,0.1385711,-0.00278993,-10.75522,0.1341248,-0.9531392,0.2706311,19.6829,0.03484576,-0.2684216,-0.962669,1.776517,0,0,0,1
0.98546,0.1647137,-0.0417022,10.54426,-0.1692989,0.9722793,-0.1603623,19.46177,0.01413585,0.1651037,0.9861732,1.977492,0,0,0,1
0.9947683,0.07645509,0.06776054,-14.71661,0.07907279,-0.9960327,-0.03703621,19.1464,0.06466845,0.04221777,-0.9970115,1.637135,0,0,0,1
0.9961053,0.08733009,0.01228557,14.48609,-0.08768842,0.9954059,0.03437813,18.78449,-0.00922643,-0.0353375,0.9993312,2.03402,0,0,0,1
-0.02022218,0.06021163,0.9979811,-4.510675,-0.1125453,0.9917034,-0.06211338,0.1782618,-0.993441,-0.1135742,-0.01327786,1.675838,0,0,0,1
-0.09727857,0.1377796,-0.9856741,3.540034,0.1696886,0.9781666,0.1199831,-0.3193884,-0.9806846,0.155586,0.1185341,1.561137,0,0,0,1
0.5213904,0.4054296,-0.7508528,-15.39149,0.2561915,-0.9135657,-0.3153861,18.70325,-0.8139411,-0.02791661,-0.5802725,2.488199,0,0,0,1
0.7858382,0.5084754,-0.3520112,-15.96213,0.4058991,-0.853402,-0.3265822,18.42287,-0.4665383,0.1137858,-0.8771492,3.379025,0,0,0,1
0.9059841,0.4200328,0.05259578,-16.73264,0.4213083,-0.8828318,-0.2069117,18.02489,-0.04048716,0.209658,-0.9769343,3.836465,0,0,0,1
0.7911164,0.6077825,-0.06882048,-17.3462,0.5958205,-0.791101,-0.1373396,18.96679,-0.1379433,0.06766556,-0.988124,2.160459,0,0,0,1
0.2737519,0.9607241,-0.04549855,-18.26204,0.945805,-0.2774529,-0.1678629,18.27703,-0.1739296,0.00292344,-0.9847516,2.320149,0,0,0,1
-0.3513922,0.9361904,-0.00847888,-18.46986,0.9215571,0.3442797,-0.1786312,17.55902,-0.1643479,-0.07059759,-0.9838707,2.452189,0,0,0,1
0.7933628,0.6087497,0.00013442,-17.33223,0.6052913,-0.7888358,-0.1051933,18.93849,-0.06394643,0.08355875,-0.9944469,1.467097,0,0,0,1
0.2765757,0.9607067,0.02344192,-18.25067,0.9528188,-0.270997,-0.135655,18.23776,-0.1240007,0.05986637,-0.9904723,1.541126,0,0,0,1
-0.3475197,0.9357254,0.06040915,-18.47421,0.9241075,0.3526414,-0.1461998,17.46767,-0.1581389,0.00501381,-0.987402,1.641347,0,0,0,1
0.7823619,0.6073467,0.1379887,-17.05672,0.6169325,-0.7858641,-0.0389487,18.92982,0.08479032,0.1156272,-0.989665,0.7634249,0,0,0,1
0.2717429,0.9487835,0.1611419,-17.96243,0.9619452,-0.2637367,-0.06934758,18.21562,-0.02331106,0.1738825,-0.9844885,0.6652675,0,0,0,1
-0.3411482,0.9190179,0.197548,-18.18206,0.9286668,0.3618518,-0.07966363,17.43815,-0.1447267,0.1562976,-0.9770471,0.684108,0,0,0,1
0.7327632,0.6049924,0.3115175,-15.28311,0.613651,-0.7851799,0.08142325,19.05039,0.2938934,0.1315269,-0.9467436,0.3967983,0,0,0,1
0.2498244,0.9369825,0.2442394,-16.3789,0.9643832,-0.262992,0.02247892,18.13273,0.08529687,0.2299608,-0.9694526,-0.04269516,0,0,0,1
-0.3540768,0.9029196,0.2436534,-16.64573,0.9317217,0.3626239,0.01017254,17.10271,-0.07919145,0.2306483,-0.9698073,-0.1337966,0,0,0,1
0.4747964,0.402406,-0.782714,15.10853,-0.249993,0.9142447,0.3183763,18.33372,0.8438342,0.04450583,0.5347521,2.920305,0,0,0,1
0.7567805,0.5157483,-0.4016092,15.62817,-0.4052372,0.8521344,0.3306869,18.06011,0.5128555,-0.08753195,0.8539988,3.843847,0,0,0,1
0.8996904,0.4365157,-0.00383799,16.37018,-0.4260736,0.880017,0.2091299,17.66277,0.09468514,-0.1865531,0.9778699,4.346703,0,0,0,1
0.7772886,0.6155107,-0.1302778,17.08069,-0.6003296,0.7874616,0.1386073,18.58077,0.1879376,-0.02954071,0.981735,2.70289,0,0,0,1
0.2557617,0.9602957,-0.111453,17.98055,-0.9457641,0.2723502,0.1762367,17.88579,0.199633,0.06034024,0.9780096,2.92046,0,0,0,1
-0.3676973,0.9270086,-0.07387386,18.17473,-0.9167063,-0.3480243,0.1955322,17.16783,0.1555824,0.1396421,0.9779012,3.072011,0,0,0,1
0.7834918,0.618296,-0.06208025,17.10523,-0.6107106,0.7845336,0.1060364,18.55397,0.1142898,-0.04518022,0.9924178,2.009774,0,0,0,1
0.2612478,0.9643039,-0.04325487,18.01227,-0.9534022,0.2647431,0.1436636,17.847,0.1500191,0.0037059,0.9886744,2.14208,0,0,0,1
-0.3635136,0.9315739,-0.00561841,18.22342,-0.9193618,-0.3577621,0.16274,17.07644,0.1496256,0.06433752,0.9866455,2.263325,0,0,0,1
0.7805308,0.6205753,0.07524141,16.8694,-0.6240603,0.7802269,0.03871037,18.54927,-0.03468023,-0.07718904,0.9964114,1.291781,0,0,0,1
0.261843,0.9605173,0.09406403,17.77288,-0.9637055,0.2552411,0.0763353,17.82669,0.04933026,-0.110656,0.9926321,1.251646,0,0,0,1
-0.3564584,0.9250247,0.1314164,17.98453,-0.9241322,-0.3696302,0.09516819,17.04778,0.136638,-0.08753043,0.9867446,1.291514,0,0,0,1
0.74369,0.6200539,0.2499232,15.12014,-0.6213597,0.778883,-0.08340961,18.68615,-0.2464076,-0.09328292,0.9646648,0.8270125,0,0,0,1
0.2466832,0.9527562,0.1772177,16.23228,-0.967065,0.2534238,-0.01629737,17.75698,-0.0604367,-0.1673871,0.9840352,0.4585204,0,0,0,1
-0.3650331,0.9139645,0.1772658,16.49577,-0.9281958,-0.3716622,0.00489803,16.72411,0.07037957,-0.1627681,0.9841492,0.3939636,0,0,0,1
-0.01017478,-0.00657956,0.9999269,-0.1393474,-0.9911163,0.1315538,-0.00922166,19.0127,-0.1315151,-0.9912816,-0.00786075,-0.1304526,0,0,0,1
0.999769,0.00724893,0.02023232,-0.2019895,-0.00606485,0.9982991,-0.05798384,12.37421,-0.02061823,0.05784774,0.9981125,0.5026181,0,0,0,1
0.1011432,-0.5896189,0.8013237,-3.325536,0.9902475,0.1372342,-0.02401149,11.50504,-0.09581139,0.7959373,0.5977491,0.5154412,0,0,0,1
-0.1275118,0.6655527,-0.7353778,2.90866,0.9886327,0.1448385,-0.04033946,11.46723,-0.07966305,0.7321623,0.6764557,0.3868735,0,0,0,1
0.1148058,-0.355103,-0.9277508,-3.905642,0.9215662,0.3867309,-0.03398339,5.620634,0.3708576,-0.8510824,0.3716499,1.247213,0,0,0,1
0.02780034,0.08633511,0.9958785,3.662201,0.9526229,0.2995777,-0.05256395,5.591463,0.3028809,-0.9501578,0.07391654,1.023973,0,0,0,1
0.01898672,0.05969709,0.9980363,-4.450738,0.5038464,0.8616279,-0.061123,1.581925,-0.8635848,0.5040177,-0.0137187,-0.7175941,0,0,0,1
-0.02085932,0.1705212,-0.9851333,3.47607,0.6202709,0.7749968,0.121014,1.387726,-0.7841107,0.6085251,0.1219351,-0.6381731,0,0,0,1
-0.00696978,0.01198448,-0.999904,-0.1902505,-0.9919552,0.1257204,0.00842193,14.82721,0.1258024,0.9919934,0.01101256,0.3502685,0,0,0,1
-0.00950413,0.00854645,-0.9999185,-0.1760653,-0.9975786,0.06717411,0.01005748,16.84606,0.06724082,0.9977046,0.00788816,0.09423292,0,0,0,1
-0.00056783,-0.00865344,0.9999627,-0.1136858,-0.9270005,0.3745677,0.0027119,22.51117,-0.3746285,-0.9271313,-0.00823611,0.7778921,0,0,0,1
-0.01471876,-0.02166975,0.9996572,-0.1114353,-0.9979184,-0.05950863,-0.01598626,23.63113,0.05986003,-0.9979844,-0.02075233,1.420416,0,0,0,1
0.8898538,-0.1122191,0.4422307,-0.7660969,0.1235766,0.9921815,0.00310774,19.9477,-0.4391872,0.05187904,0.896894,3.917367,0,0,0,1
0.8868633,-0.1253537,0.4447033,0.5364725,-0.1369607,-0.9904092,-0.00604511,19.93451,0.4412615,-0.05554124,-0.8956559,3.90709,0,0,0,1
0.9867105,0.1624823,-0.00172269,-6.522936,0.1540468,-0.9320256,0.3275723,20.29565,0.0516246,-0.3235196,-0.94481,2.074483,0,0,0,1
0.9814433,0.1878846,-0.03833567,6.302701,-0.1917116,0.9586638,-0.2095615,20.21147,-0.00262069,0.2130409,0.977038,2.081535,0,0,0,1
0.9894783,0.1446173,-0.00442659,-10.76779,0.1403295,-0.9518291,0.2720926,19.63294,0.0351392,-0.2698781,-0.9622512,1.852393,0,0,0,1
0.9838263,0.1725614,-0.04805804,10.5249,-0.1779881,0.9716132,-0.1548982,19.38676,0.01996917,0.1609577,0.9867575,2.070271,0,0,0,1
0.9935406,0.09256121,0.06565447,-14.72571,0.09503225,-0.9946814,-0.0358227,19.07162,0.06199721,0.0418491,-0.9971969,1.711837,0,0,0,1
0.996131,0.08779851,0.00424701,14.4602,-0.08786551,0.9955983,0.02768975,18.67473,-0.0017955,-0.02797185,0.9996052,2.150133,0,0,0,1
-0.02031783,0.05874106,0.9980667,-4.503518,-0.1136516,0.9916661,-0.06067789,0.1813364,-0.9933133,-0.1146645,-0.01347246,1.682997,0,0,0,1
-0.09892219,0.1398428,-0.9852202,3.534055,0.1790961,0.9764108,0.12061,-0.3365002,-0.9788461,0.1645179,0.1216339,1.541495,0,0,0,1
0.5150076,0.4199778,-0.7472529,-15.39107,0.2646312,-0.9069328,-0.3273354,18.61759,-0.8153033,-0.02915907,-0.5782961,2.564647,0,0,0,1
0.7779533,0.522426,-0.3490861,-15.95473,0.4185249,-0.845139,-0.3320883,18.32796,-0.4685908,0.1122746,-0.8762495,3.456964,0,0,0,1
0.8989859,0.4347267,0.05327518,-16.71751,0.4358105,-0.8759971,-0.2059223,17.9176,-0.04286271,0.2083803,-0.9771063,3.916418,0,0,0,1
0.7810664,0.6205945,-0.06927298,-17.35064,0.6084671,-0.7812454,-0.138308,18.84973,-0.1399804,0.0658967,-0.9879572,2.242223,0,0,0,1
0.2580507,0.965062,-0.04545468,-18.25485,0.950101,-0.2619869,-0.168453,18.14533,-0.1745135,0.00028617,-0.9846526,2.404274,0,0,0,1
-0.3665951,0.9303445,-0.00826449,-18.45075,0.9158143,0.3592805,-0.1786255,17.42406,-0.1632493,-0.07306717,-0.9838735,2.536755,0,0,0,1
0.7833602,0.6215681,-0.00086073,-17.33809,0.6179636,-0.778967,-0.1050575,18.82175,-0.06598818,0.08178756,-0.9944611,1.548825,0,0,0,1
